101
NULL 0 Common 0
Joined 7 0,255,0,255,0,0,0,0,0,0 Latin 1 0 1 Joined	# Joined [4a 6f 69 6e 65 64 ]a
|Broken|0|1 15 0,255,0,255,0,0,0,0,0,0 Common 2 10 2 |Broken|0|1	# Broken
Â 5 0,255,0,255,0,0,0,0,0,0 Latin 47 0 3 Â	# Â [c2 ]A
K 5 0,255,0,255,0,0,0,0,0,0 Latin 12 0 4 K	# K [4b ]A
W 5 0,255,0,255,0,0,0,0,0,0 Latin 35 0 5 W	# W [57 ]A
« 16 0,255,0,255,0,0,0,0,0,0 Common 6 10 0 «	# « [ab ]p
E 5 0,255,0,255,0,0,0,0,0,0 Latin 20 0 7 E	# E [45 ]A
I 5 0,255,0,255,0,0,0,0,0,0 Latin 18 0 8 I	# I [49 ]A
S 5 0,255,0,255,0,0,0,0,0,0 Latin 21 0 9 S	# S [53 ]A
, 16 0,255,0,255,0,0,0,0,0,0 Common 10 6 10 ,	# , [2c ]p
o 3 0,255,0,255,0,0,0,0,0,0 Latin 36 0 11 o	# o [6f ]a
k 3 0,255,0,255,0,0,0,0,0,0 Latin 4 0 12 k	# k [6b ]a
( 16 0,255,0,255,0,0,0,0,0,0 Common 13 10 17 (	# ( [28 ]p
$ 0 0,255,0,255,0,0,0,0,0,0 Common 14 4 14 $	# $ [24 ]
a 3 0,255,0,255,0,0,0,0,0,0 Latin 33 0 15 a	# a [61 ]a
. 16 0,255,0,255,0,0,0,0,0,0 Common 16 6 16 .	# . [2e ]p
) 16 0,255,0,255,0,0,0,0,0,0 Common 17 10 13 )	# ) [29 ]p
i 3 0,255,0,255,0,0,0,0,0,0 Latin 8 0 18 i	# i [69 ]a
l 3 0,255,0,255,0,0,0,0,0,0 Latin 95 0 19 l	# l [6c ]a
e 3 0,255,0,255,0,0,0,0,0,0 Latin 7 0 20 e	# e [65 ]a
s 3 0,255,0,255,0,0,0,0,0,0 Latin 9 0 21 s	# s [73 ]a
t 3 0,255,0,255,0,0,0,0,0,0 Latin 37 0 22 t	# t [74 ]a
d 3 0,255,0,255,0,0,0,0,0,0 Latin 99 0 23 d	# d [64 ]a
u 3 0,255,0,255,0,0,0,0,0,0 Latin 61 0 24 u	# u [75 ]a
r 3 0,255,0,255,0,0,0,0,0,0 Latin 69 0 25 r	# r [72 ]a
c 3 0,255,0,255,0,0,0,0,0,0 Latin 43 0 26 c	# c [63 ]a
m 3 0,255,0,255,0,0,0,0,0,0 Latin 55 0 27 m	# m [6d ]a
n 3 0,255,0,255,0,0,0,0,0,0 Latin 34 0 28 n	# n [6e ]a
p 3 0,255,0,255,0,0,0,0,0,0 Latin 59 0 29 p	# p [70 ]a
é 3 0,255,0,255,0,0,0,0,0,0 Latin 84 0 30 é	# é [e9 ]a
- 16 0,255,0,255,0,0,0,0,0,0 Common 31 3 31 -	# - [2d ]p
h 3 0,255,0,255,0,0,0,0,0,0 Latin 44 0 32 h	# h [68 ]a
A 5 0,255,0,255,0,0,0,0,0,0 Latin 15 0 33 A	# A [41 ]A
N 5 0,255,0,255,0,0,0,0,0,0 Latin 28 0 34 N	# N [4e ]A
w 3 0,255,0,255,0,0,0,0,0,0 Latin 5 0 35 w	# w [77 ]a
O 5 0,255,0,255,0,0,0,0,0,0 Latin 11 0 36 O	# O [4f ]A
T 5 0,255,0,255,0,0,0,0,0,0 Latin 22 0 37 T	# T [54 ]A
g 3 0,255,0,255,0,0,0,0,0,0 Latin 65 0 38 g	# g [67 ]a
f 3 0,255,0,255,0,0,0,0,0,0 Latin 92 0 39 f	# f [66 ]a
v 3 0,255,0,255,0,0,0,0,0,0 Latin 75 0 40 v	# v [76 ]a
x 3 0,255,0,255,0,0,0,0,0,0 Latin 41 0 41 x	# x [78 ]a
b 3 0,255,0,255,0,0,0,0,0,0 Latin 62 0 42 b	# b [62 ]a
C 5 0,255,0,255,0,0,0,0,0,0 Latin 26 0 43 C	# C [43 ]A
H 5 0,255,0,255,0,0,0,0,0,0 Latin 32 0 44 H	# H [48 ]A
; 16 0,255,0,255,0,0,0,0,0,0 Common 45 10 45 ;	# ; [3b ]p
q 3 0,255,0,255,0,0,0,0,0,0 Latin 96 0 46 q	# q [71 ]a
â 3 0,255,0,255,0,0,0,0,0,0 Latin 3 0 47 â	# â [e2 ]a
y 3 0,255,0,255,0,0,0,0,0,0 Latin 60 0 48 y	# y [79 ]a
ç 3 0,255,0,255,0,0,0,0,0,0 Latin 94 0 49 ç	# ç [e7 ]a
’ 16 0,255,0,255,0,0,0,0,0,0 Common 50 10 50 '	# ’ [2019 ]p
: 16 0,255,0,255,0,0,0,0,0,0 Common 51 6 51 :	# : [3a ]p
j 3 0,255,0,255,0,0,0,0,0,0 Latin 86 0 52 j	# j [6a ]a
à 3 0,255,0,255,0,0,0,0,0,0 Latin 53 0 53 à	# à [e0 ]a
' 16 0,255,0,255,0,0,0,0,0,0 Common 54 10 54 '	# ' [27 ]p
M 5 0,255,0,255,0,0,0,0,0,0 Latin 27 0 55 M	# M [4d ]A
2 8 0,255,0,255,0,0,0,0,0,0 Common 56 2 56 2	# 2 [32 ]0
8 8 0,255,0,255,0,0,0,0,0,0 Common 57 2 57 8	# 8 [38 ]0
9 8 0,255,0,255,0,0,0,0,0,0 Common 58 2 58 9	# 9 [39 ]0
P 5 0,255,0,255,0,0,0,0,0,0 Latin 29 0 59 P	# P [50 ]A
Y 5 0,255,0,255,0,0,0,0,0,0 Latin 48 0 60 Y	# Y [59 ]A
U 5 0,255,0,255,0,0,0,0,0,0 Latin 24 0 61 U	# U [55 ]A
B 5 0,255,0,255,0,0,0,0,0,0 Latin 42 0 62 B	# B [42 ]A
| 0 0,255,0,255,0,0,0,0,0,0 Common 63 10 63 |	# | [7c ]
~ 0 0,255,0,255,0,0,0,0,0,0 Common 64 10 64 ~	# ~ [7e ]
G 5 0,255,0,255,0,0,0,0,0,0 Latin 38 0 65 G	# G [47 ]A
è 3 0,255,0,255,0,0,0,0,0,0 Latin 66 0 66 è	# è [e8 ]a
] 16 0,255,0,255,0,0,0,0,0,0 Common 67 10 91 ]	# ] [5d ]p
ù 3 0,255,0,255,0,0,0,0,0,0 Latin 68 0 68 ù	# ù [f9 ]a
R 5 0,255,0,255,0,0,0,0,0,0 Latin 25 0 69 R	# R [52 ]A
… 16 0,255,0,255,0,0,0,0,0,0 Common 70 10 70 ...	# … [2026 ]p
1 8 0,255,0,255,0,0,0,0,0,0 Common 71 2 71 1	# 1 [31 ]0
} 16 0,255,0,255,0,0,0,0,0,0 Common 72 10 80 }	# } [7d ]p
0 8 0,255,0,255,0,0,0,0,0,0 Common 73 2 73 0	# 0 [30 ]0
% 16 0,255,0,255,0,0,0,0,0,0 Common 74 4 74 %	# % [25 ]p
V 5 0,255,0,255,0,0,0,0,0,0 Latin 40 0 75 V	# V [56 ]A
& 16 0,255,0,255,0,0,0,0,0,0 Common 76 10 76 &	# & [26 ]p
# 16 0,255,0,255,0,0,0,0,0,0 Common 77 4 77 #	# # [23 ]p
/ 16 0,255,0,255,0,0,0,0,0,0 Common 78 6 78 /	# / [2f ]p
‘ 16 0,255,0,255,0,0,0,0,0,0 Common 79 10 79 '	# ‘ [2018 ]p
{ 16 0,255,0,255,0,0,0,0,0,0 Common 80 10 72 {	# { [7b ]p
! 16 0,255,0,255,0,0,0,0,0,0 Common 81 10 81 !	# ! [21 ]p
6 8 0,255,0,255,0,0,0,0,0,0 Common 82 2 82 6	# 6 [36 ]0
4 8 0,255,0,255,0,0,0,0,0,0 Common 83 2 83 4	# 4 [34 ]0
É 5 0,255,0,255,0,0,0,0,0,0 Latin 30 0 84 É	# É [c9 ]A
ä 3 0,255,0,255,0,0,0,0,0,0 Latin 85 0 85 ä	# ä [e4 ]a
J 5 0,255,0,255,0,0,0,0,0,0 Latin 52 0 86 J	# J [4a ]A
@ 16 0,255,0,255,0,0,0,0,0,0 Common 87 10 87 @	# @ [40 ]p
® 0 0,255,0,255,0,0,0,0,0,0 Common 88 10 88 ®	# ® [ae ]
Ü 5 0,255,0,255,0,0,0,0,0,0 Latin 100 0 89 Ü	# Ü [dc ]A
7 8 0,255,0,255,0,0,0,0,0,0 Common 90 2 90 7	# 7 [37 ]0
[ 16 0,255,0,255,0,0,0,0,0,0 Common 91 10 67 [	# [ [5b ]p
F 5 0,255,0,255,0,0,0,0,0,0 Latin 39 0 92 F	# F [46 ]A
ÿ 3 0,255,0,255,0,0,0,0,0,0 Latin 98 0 93 ÿ	# ÿ [ff ]a
Ç 5 0,255,0,255,0,0,0,0,0,0 Latin 49 0 94 Ç	# Ç [c7 ]A
L 5 0,255,0,255,0,0,0,0,0,0 Latin 19 0 95 L	# L [4c ]A
Q 5 0,255,0,255,0,0,0,0,0,0 Latin 46 0 96 Q	# Q [51 ]A
" 16 0,255,0,255,0,0,0,0,0,0 Common 97 10 97 "	# " [22 ]p
Ÿ 5 0,255,0,255,0,0,0,0,0,0 Latin 93 0 98 Ÿ	# Ÿ [178 ]A
D 5 0,255,0,255,0,0,0,0,0,0 Latin 23 0 99 D	# D [44 ]A
ü 3 0,255,0,255,0,0,0,0,0,0 Latin 89 0 100 ü	# ü [fc ]a
